


                ASYMPTOTIC COORDINATES
   calculated by model of exter.field T05   
 Station with geo.latitude:   35.000  & longitude:   90.000 & radius :  1.00000
 Direction of trajectory with latitude:    35.000 & longitude:    90.000
 Datum: 2010  1  1  time:  0 hod  0 min  0 sec
 Starting rigidity :   7.0000 GV Epsilon= 0.0100
 Limit of total number of steps : 25000 

 rig : v : rad : eth : efi : ath : afi : time : length
  8.520000   0.9939966202   25.000521    -1.687     7.873     0.063    19.431    1.164897       350568.50
  9.250000   0.9948993325   19.679884    15.563    74.897    17.541    88.896    0.723116       217184.09
  9.840000   0.9954906702   25.000843    -6.099    41.841    -4.664    52.369    0.778377       235705.91
  9.850000   0.9954977632   25.000465    -5.048   357.752    -4.825     8.303    0.741189       224762.14
  9.860000   0.9955075383   25.000841    -8.088   343.120    -7.596   353.623    0.728694       220861.81
  9.870000   0.9955157042   25.000166   -12.450   344.014   -11.467   354.591    0.728880       221247.59
  9.880000   0.9955233335   25.000999   -14.448   359.212   -11.868     9.495    0.740027       224777.03
  9.890000   0.9955314994   25.000706     8.848    39.504    13.405    48.987    0.780210       236024.47
  9.930000   0.9955692887   25.000174    15.876    25.461    17.198    36.139    0.777710       235913.34
  9.940000   0.9955804944   25.001093    -7.712    12.524    -3.593    21.754    0.761586       231223.88
 10.020000   0.9956495762   25.001623    10.554    29.498    13.333    39.224    0.775836       235234.09
 10.050000   0.9956730604   25.000887    -5.694    44.418    -4.936    54.989    0.767961       232898.53
 10.060000   0.9956822395   25.001295    -2.010    13.333    -2.396    23.883    0.741243       225131.38
 10.070000   0.9956905842   25.001871     1.410   352.515     1.236     2.992    0.726422       219876.45
 10.080000   0.9957010150   25.001183     1.919   339.883     2.227   350.398    0.712173       216435.20
 10.090000   0.9957101941   25.001261     1.372   333.070     1.992   343.520    0.708467       214961.08
 10.100000   0.9957168102   25.001238     0.212   326.893     1.124   337.278    0.703552       213359.98
 10.110000   0.9957246184   25.001080    -0.859   323.040     0.222   333.398    0.699818       212380.50
 10.120000   0.9957335591   25.001062    -2.766   317.999    -1.490   328.379    0.692799       211058.55
 10.130000   0.9957401156   25.001926    -4.596   314.519    -3.208   324.841    0.690469       210115.05
 10.140000   0.9957520366   24.180296    -6.621   311.271    -5.115   321.927    0.667822       203055.77
 10.150000   0.9957569838   23.099344    -8.386   309.253    -6.774   320.334    0.647700       196155.45
 10.160000   0.9957672358   22.370352   -10.040   308.050    -8.338   319.448    0.632623       191187.19
 10.170000   0.9957756400   22.063337   -11.495   307.965    -9.686   319.609    0.623224       189156.02
 10.180000   0.9957841039   22.098970   -12.598   308.839   -10.672   320.461    0.623537       189166.25
 10.190000   0.9957920909   22.482248   -13.538   310.880   -11.441   322.270    0.634869       192393.58
 10.200000   0.9958008528   23.324867   -14.059   314.125   -11.731   325.107    0.654528       198659.20
 10.210000   0.9958078861   24.696838   -13.955   318.479   -11.394   328.759    0.687239       208371.64
 10.220000   0.9958165288   25.000467   -13.287   323.086   -10.355   333.151    0.695051       211637.86
 10.230000   0.9958249927   25.000999   -11.649   328.670    -8.280   338.550    0.699417       213023.30
 10.240000   0.9958327413   25.000744    -8.621   335.428    -4.850   345.018    0.708542       214798.02
 11.190000   0.9965074062   25.000412   -17.991   324.706   -17.192   334.253    0.683641       208214.70
 11.200000   0.9965133071   25.000326   -15.179   322.187   -14.118   331.493    0.684195       207718.20
 11.210000   0.9965191483   25.000721   -12.339   323.486   -10.651   332.698    0.678600       208044.92
 11.220000   0.9965246916   25.000984    -8.249   328.857    -5.822   337.774    0.687364       209327.81
 11.230000   0.9965304732   25.001736    -1.264   338.463     1.747   347.200    0.697323       211714.59
 11.240000   0.9965367913   25.001616    10.842   355.874    13.568     5.100    0.710897       216163.75
 11.250000   0.9965435863   25.001705    20.015    32.335    19.504    42.512    0.733356       224265.88
 11.370000   0.9966150522   21.470219    -1.492    61.495    -5.589    70.262    0.695690       210276.81
 11.380000   0.9966217279   11.611244   -21.532   128.403   -27.460   147.265    0.533743       159738.88
 11.390000   0.9966272116   20.161247    34.803    79.190    35.998    92.843    0.661953       199524.22
 11.400000   0.9966327548   25.001173    18.588    55.489    23.149    64.242    0.740284       225024.70
 11.410000   0.9966393709   25.000854     1.790    43.499     7.035    51.277    0.726156       220913.56
 11.420000   0.9966447949   25.001778    -8.658    35.421    -3.641    43.403    0.715644       218167.72
 11.430000   0.9966508746   25.001293   -16.757    26.551   -12.473    35.145    0.708210       215655.31
 11.440000   0.9966561198   25.001577   -20.768    19.781   -17.220    28.959    0.700025       213931.47
 11.450000   0.9966628551   25.001509   -23.480    12.327   -20.887    22.009    0.698677       212320.50
 11.460000   0.9966687560   25.001005   -24.671     5.576   -22.958    15.663    0.692614       210879.62
 11.470000   0.9966748357   25.000950   -24.857   359.902   -23.903    10.192    0.689184       209734.09
 11.480000   0.9966796041   25.001762   -24.428   354.768   -24.144     5.161    0.684521       208618.77
 11.490000   0.9966863394   25.001158   -23.465   349.690   -23.832     0.063    0.682415       207599.53
 11.500000   0.9966915846   25.001270   -22.383   345.785   -23.197   356.174    0.674035       206745.22
 11.510000   0.9966968298   25.000128   -21.022   342.044   -22.292   352.238    0.676932       205895.91
 11.520000   0.9967032075   25.000984   -19.565   338.648   -21.192   348.728    0.674616       205092.70
 11.530000   0.9967082143   25.000637   -18.018   335.511   -19.949   345.462    0.671782       204363.89
 11.540000   0.9967134595   25.000927   -16.582   332.878   -18.747   342.707    0.670371       203704.91
 11.550000   0.9967200756   25.000711   -14.956   330.110   -17.337   339.827    0.667036       203007.22
 11.560000   0.9967250824   25.000050   -13.566   327.886   -16.099   337.526    0.663688       202394.50
 11.570000   0.9967311621   25.000648   -12.066   325.584   -14.733   335.169    0.660355       201812.62
 11.580000   0.9967362881   25.000156   -10.756   323.671   -13.530   333.110    0.660967       201286.06
 11.590000   0.9967419505   25.000870    -9.330   321.586   -12.185   331.042    0.655614       200716.02
 11.600000   0.9967474341   25.000563    -8.056   319.782   -10.975   329.168    0.654876       200215.92
 11.610000   0.9967536926   25.001015    -6.748   317.921    -9.713   327.305    0.649300       199705.89
 11.620000   0.9967587590   25.001410    -5.633   316.393    -8.628   325.608    0.655591       199286.30
 11.630000   0.9967651367   25.000723    -4.383   314.618    -7.394   323.801    0.653284       198782.02
 11.640000   0.9967702627   25.001366    -3.364   313.149    -6.380   322.377    0.649553       198371.20
 11.650000   0.9967751503   25.001883    -2.359   311.703    -5.365   320.876    0.650287       197940.11
 11.660000   0.9967812896   24.964495    -1.339   310.181    -4.334   319.387    0.643933       197006.38
 11.670000   0.9967865944   24.604496    -0.406   308.708    -3.422   318.025    0.634790       193467.80
 11.680000   0.9967916012   24.235378     0.485   307.251    -2.547   316.731    0.627006       191580.47
 11.690000   0.9967965484   23.847898     1.335   305.824    -1.708   315.456    0.615026       187967.94
 11.700000   0.9968031645   23.486645     2.193   304.366    -0.835   314.054    0.612653       185806.69
 11.710000   0.9968078732   23.100143     2.968   302.951    -0.068   312.887    0.600281       183215.84
 11.720000   0.9968138337   22.742388     3.710   301.582     0.695   311.633    0.593755       180362.84
 11.730000   0.9968188405   22.397783     4.384   300.282     1.396   310.463    0.587205       178051.08
 11.740000   0.9968248010   22.047998     5.046   298.939     2.079   309.319    0.573667       174124.06
 11.750000   0.9968299270   21.698887     5.696   297.564     2.770   308.111    0.569246       172712.34
 11.760000   0.9968354106   21.390440     6.260   296.317     3.376   307.019    0.562792       170438.73
 11.770000   0.9968395829   21.095837     6.764   295.138     3.921   306.024    0.475255       143653.05
 11.780000   0.9968461990   20.750097     7.297   293.832     4.505   304.904    0.547260       165747.89
 11.790000   0.9968516231   20.464308     7.778   292.589     5.046   303.842    0.538891       163316.83
 11.800000   0.9968571663   20.166618     8.218   291.380     5.550   302.809    0.533391       161577.78
 11.810000   0.9968624115   19.903738     8.616   290.227     6.018   301.816    0.526599       159476.42
 11.820000   0.9968670011   19.621735     8.982   289.095     6.463   300.829    0.520289       157143.89
 11.830000   0.9968724251   19.364164     9.331   287.939     6.880   299.880    0.511659       154733.58
 11.840000   0.9968776703   19.099342     9.654   286.798     7.289   298.904    0.508067       153528.00
 11.850000   0.9968830943   18.871630     9.936   285.729     7.649   298.011    0.464996       140517.06
 11.860000   0.9968887568   18.621899    10.213   284.593     8.026   297.028    0.494557       149291.47
 11.870000   0.9968928099   18.411013    10.438   283.589     8.332   296.196    0.488902       147731.92
 11.880000   0.9968978763   18.193768    10.657   282.534     8.643   295.307    0.485772       146740.53
 11.890000   0.9969046712   17.976864    10.864   281.435     8.968   294.340    0.480502       144897.19
 11.900000   0.9969088435   17.777201    11.026   280.467     9.227   293.521    0.475850       143403.55
 11.910000   0.9969134331   17.591366    11.182   279.444     9.483   292.662    0.471409       142170.91
 11.920000   0.9969185591   17.417822    11.311   278.495     9.716   291.845    0.465396       140298.08
 11.930000   0.9969250560   17.216015    11.434   277.458     9.946   290.984    0.461819       139309.97
 11.940000   0.9969300032   17.036835    11.527   276.518    10.149   290.177    0.457696       137947.42
 11.950000   0.9969353080   16.841858    11.613   275.492    10.350   289.321    0.448823       135335.45
 11.960000   0.9969404340   16.685711    11.673   274.567    10.528   288.514    0.434146       130801.16
 11.970000   0.9969448447   16.561289    11.719   273.723    10.665   287.810    0.441430       133182.38
 11.980000   0.9969499707   16.400589    11.748   272.854    10.815   287.044    0.441694       133031.98
 11.990000   0.9969561696   16.260860    11.766   271.953    10.950   286.263    0.430838       129803.82
 12.000000   0.9969604015   16.117304    11.769   271.074    11.078   285.484    0.433219       130374.66
 12.010000   0.9969651103   15.973525    11.763   270.237    11.173   284.792    0.429268       129271.21
 12.020000   0.9969703555   15.832251    11.742   269.368    11.274   284.034    0.425814       128177.60
 12.030000   0.9969756007   15.708552    11.713   268.538    11.349   283.336    0.423109       127468.23
 12.040000   0.9969804883   15.580730    11.667   267.740    11.426   282.621    0.420660       126601.98
 12.050000   0.9969848394   15.478297    11.618   266.994    11.479   281.975    0.411590       123913.53
 12.060000   0.9969899654   15.357594    11.552   266.191    11.538   281.252    0.414504       124686.78
 12.070000   0.9969950914   15.236847    11.478   265.358    11.573   280.549    0.408543       122990.95
 12.080000   0.9970003366   15.124079    11.391   264.581    11.611   279.841    0.408372       122821.35
 12.090000   0.9970055819   15.015274    11.307   263.863    11.629   279.229    0.405380       121959.27
 12.100000   0.9970090985   14.929090    11.212   263.161    11.638   278.600    0.403060       121244.38
 12.110000   0.9970148802   14.802075    11.109   262.393    11.639   277.970    0.388914       117104.25
 12.120000   0.9970197678   14.731940    10.989   261.684    11.643   277.275    0.397898       119639.07
 12.130000   0.9970245957   14.638109    10.871   260.983    11.624   276.673    0.392879       118214.48
 12.140000   0.9970296025   14.541950    10.752   260.328    11.611   276.082    0.392840       118106.69
 12.150000   0.9970337749   14.441451    10.613   259.580    11.575   275.445    0.389796       117287.05
 12.160000   0.9970394373   14.368382    10.483   258.939    11.541   274.869    0.387644       116666.97
 12.170000   0.9970447421   14.267816    10.328   258.252    11.513   274.216    0.385563       115864.08
 12.180000   0.9970496893   14.208204    10.177   257.595    11.457   273.613    0.378997       113926.68
 12.190000   0.9970536232   14.111917    10.035   256.984    11.413   273.079    0.381205       114565.66
 12.200000   0.9970584512   14.045910     9.879   256.359    11.351   272.508    0.379258       113992.81
 12.210000   0.9970632195   13.984373     9.717   255.740    11.284   271.932    0.376836       113250.62
 12.220000   0.9970684648   13.913044     9.554   255.142    11.215   271.384    0.374910       112652.47
 12.230000   0.9970729351   13.828612     9.380   254.507    11.138   270.820    0.371337       111582.12
 12.240000   0.9970781803   13.765002     9.216   253.943    11.064   270.295    0.369629       111045.11
 12.250000   0.9970822334   13.686723     9.032   253.319    10.975   269.735    0.368727       110774.41
 12.260000   0.9970872402   13.636301     8.864   252.748    10.871   269.256    0.363003       109226.20
 12.270000   0.9970919490   13.582790     8.693   252.231    10.785   268.757    0.349449       105069.12
 12.280000   0.9970974922   13.507285     8.491   251.604    10.680   268.184    0.363856       109394.53
 12.290000   0.9971015453   13.450103     8.297   251.032    10.572   267.649    0.360384       108346.93
 12.300000   0.9971064925   13.397444     8.119   250.517    10.472   267.165    0.358880       107887.90
 12.310000   0.9971096516   13.359484     7.945   250.060    10.375   266.700    0.359769       108069.08
 12.320000   0.9971143603   13.296355     7.760   249.518    10.255   266.251    0.357603       107530.34
 12.330000   0.9971201420   13.253263     7.553   248.970    10.130   265.715    0.354590       106592.07
 12.340000   0.9971247315   13.171595     7.347   248.406    10.013   265.204    0.353716       106283.79
 12.350000   0.9971292019   13.150088     7.165   247.961     9.896   264.745    0.351850       105690.69
 12.360000   0.9971333742   13.094572     6.979   247.469     9.768   264.334    0.351654       105728.09
 12.370000   0.9971382618   13.033064     6.768   246.940     9.639   263.832    0.349519       105033.43
 12.380000   0.9971433878   13.005952     6.568   246.469     9.504   263.358    0.349156       104909.61
 12.390000   0.9971474409   12.965421     6.380   246.000     9.368   262.952    0.343752       103383.63
 12.400000   0.9971526861   12.920403     6.163   245.503     9.225   262.456    0.345891       103949.05
 12.410000   0.9971565604   12.867094     5.979   245.075     9.109   262.041    0.343527       103176.78
 12.420000   0.9971615672   12.820745     5.767   244.564     8.950   261.611    0.343346       103242.56
 12.430000   0.9971656203   12.795544     5.576   244.155     8.816   261.186    0.316423        95038.39
 12.440000   0.9971710443   12.741118     5.347   243.645     8.662   260.687    0.337564       101392.48
 12.450000   0.9971750379   12.715434     5.163   243.243     8.518   260.325    0.325626        97857.68
 12.460000   0.9971790910   12.657421     4.961   242.800     8.384   259.898    0.335130       100657.13
 12.470000   0.9971837401   12.634242     4.761   242.369     8.225   259.504    0.337139       101327.38
 12.480000   0.9971889853   12.596968     4.550   241.929     8.071   259.068    0.336069       100976.88
 12.490000   0.9971926212   12.576991     4.361   241.535     7.920   258.700    0.328248        98675.45
 12.500000   0.9971979856   12.529931     4.128   241.059     7.751   258.227    0.333967       100323.77
 12.510000   0.9972011447   12.484087     3.957   240.688     7.620   257.918    0.332501        99937.67
 12.520000   0.9972062111   12.453235     3.739   240.255     7.454   257.483    0.331567        99628.67
 12.530000   0.9972106814   12.438199     3.541   239.861     7.288   257.112    0.331234        99583.30
 12.540000   0.9972147346   12.411077     3.347   239.494     7.143   256.718    0.329081        98854.01
 12.550000   0.9972196221   12.382856     3.142   239.083     6.972   256.348    0.322239        96858.42
 12.560000   0.9972236753   12.337999     2.935   238.681     6.818   255.949    0.321228        96486.95
 12.570000   0.9972286224   12.329108     2.741   238.315     6.652   255.589    0.326250        98024.78
 12.580000   0.9972327948   12.270130     2.528   237.893     6.495   255.188    0.324865        97547.04
 12.590000   0.9972375631   12.266623     2.328   237.520     6.316   254.827    0.324252        97421.69
 12.600000   0.9972414374   12.237041     2.142   237.155     6.158   254.515    0.284407        85338.01
 12.610000   0.9972459078   12.193004     1.930   236.758     5.994   254.117    0.299403        89903.57
 12.620000   0.9972502589   12.178237     1.742   236.414     5.832   253.780    0.322378        96868.20
 12.630000   0.9972542524   12.161990     1.544   236.068     5.668   253.397    0.320984        96378.62
 12.640000   0.9972593784   12.112732     1.335   235.655     5.497   253.046    0.319484        95961.02
 12.650000   0.9972626567   12.094466     1.156   235.326     5.337   252.751    0.318612        95756.78
 12.660000   0.9972673655   12.090860     0.971   235.023     5.179   252.386    0.318572        95651.97
 12.670000   0.9972720742   12.052982     0.765   234.630     5.002   252.042    0.317324        95310.02
 12.680000   0.9972766638   12.047839     0.573   234.283     4.822   251.720    0.316619        95180.61
 12.690000   0.9972800612   11.997594     0.379   233.933     4.673   251.364    0.313787        94220.57
 12.700000   0.9972836971   11.994411     0.216   233.653     4.520   251.092    0.316634        95112.04
 12.710000   0.9972887039   11.970742     0.001   233.260     4.326   250.734    0.314197        94423.99
 12.720000   0.9972925782   11.935925    -0.188   232.929     4.170   250.385    0.314417        94404.11
 12.730000   0.9972973466   11.946054    -0.374   232.625     3.990   250.058    0.311522        93543.76
 12.740000   0.9973017573   11.892824    -0.567   232.252     3.825   249.762    0.312739        93948.33
 12.750000   0.9973055720   11.878786    -0.745   231.933     3.658   249.474    0.311954        93772.41
 12.760000   0.9973099828   11.867144    -0.930   231.637     3.495   249.122    0.311796        93619.96
 12.770000   0.9973143339   11.836278    -1.131   231.273     3.314   248.796    0.309824        93048.15
 12.780000   0.9973185062   11.821846    -1.299   230.979     3.156   248.519    0.310113        93156.51
 12.790000   0.9973226786   11.827360    -1.471   230.689     2.984   248.234    0.309755        93109.71
 12.800000   0.9973269105   11.781696    -1.673   230.337     2.813   247.880    0.302699        90899.25
 12.810000   0.9973309040   11.778409    -1.837   230.060     2.652   247.610    0.286131        85905.09
 12.820000   0.9973351359   11.765672    -2.015   229.755     2.483   247.309    0.308311        92610.45
 12.830000   0.9973396659   11.731394    -2.200   229.414     2.313   247.019    0.306700        92162.73
 12.840000   0.9973437190   11.744604    -2.362   229.181     2.153   246.699    0.307087        92182.16
 12.850000   0.9973473549   11.719989    -2.537   228.872     1.988   246.425    0.305298        91669.34
 12.860000   0.9973517060   11.702303    -2.723   228.550     1.810   246.119    0.306002        91884.01
 12.870000   0.9973552227   11.671803    -2.889   228.248     1.656   245.857    0.301905        90673.66
 12.880000   0.9973599315   11.667476    -3.062   227.955     1.482   245.576    0.298101        89568.03
 12.890000   0.9973642826   11.652830    -3.245   227.658     1.308   245.239    0.304249        91331.12
 12.900000   0.9973676205   11.636622    -3.397   227.398     1.160   244.996    0.303183        91021.12
 12.910000   0.9973719716   11.640656    -3.566   227.119     0.984   244.715    0.302922        90969.16
 12.920000   0.9973757267   11.613255    -3.730   226.824     0.828   244.457    0.280381        84173.98
 12.930000   0.9973798990   11.607631    -3.901   226.540     0.655   244.168    0.301678        90605.55
 12.940000   0.9973842502   11.590030    -4.065   226.253     0.493   243.902    0.298378        89629.57
 12.950000   0.9973883033   11.577965    -4.223   225.980     0.333   243.647    0.299537        89999.78
 12.960000   0.9973920584   11.572010    -4.377   225.720     0.176   243.396    0.299110        89891.83
 12.970000   0.9973956943   11.546803    -4.539   225.453     0.022   243.090    0.300067        90066.01
 12.980000   0.9973999858   11.544049    -4.701   225.183    -0.146   242.824    0.299267        89840.48
 12.990000   0.9974036813   11.513721    -4.871   224.869    -0.313   242.557    0.298270        89566.36
 13.000000   0.9974076748   11.522690    -5.016   224.639    -0.470   242.314    0.298184        89558.63
 13.010000   0.9974121451   11.507349    -5.181   224.355    -0.638   242.034    0.297686        89386.45
 13.020000   0.9974159002   11.489789    -5.336   224.079    -0.796   241.782    0.297022        89202.33
 13.030000   0.9974200130   11.488535    -5.479   223.840    -0.948   241.542    0.296749        89129.63
 13.040000   0.9974240661   11.477233    -5.647   223.547    -1.123   241.268    0.296176        88979.45
 13.050000   0.9974277020   11.457176    -5.788   223.294    -1.266   241.035    0.289793        87062.73
 13.060000   0.9974316955   11.428791    -5.939   223.020    -1.417   240.795    0.293830        88277.05
 13.070000   0.9974355102   11.433371    -6.088   222.770    -1.581   240.545    0.294909        88627.71
 13.080000   0.9974403977   11.410353    -6.250   222.496    -1.745   240.234    0.294105        88281.02
 13.090000   0.9974431992   11.414025    -6.382   222.281    -1.890   240.007    0.291463        87487.49
 13.100000   0.9974471331   11.414515    -6.527   222.033    -2.050   239.760    0.282363        84760.23
 13.110000   0.9974510074   11.375135    -6.677   221.747    -2.198   239.519    0.291852        87605.62
 13.120000   0.9974549413   11.395453    -6.803   221.555    -2.346   239.290    0.292958        87935.33
 13.130000   0.9974588156   11.376627    -6.952   221.283    -2.503   239.044    0.289781        86993.05
 13.140000   0.9974628687   11.368132    -7.097   221.025    -2.660   238.798    0.291853        87623.60
 13.150000   0.9974665046   11.360481    -7.233   220.787    -2.809   238.564    0.291483        87512.38
 13.160000   0.9974706173   11.350750    -7.372   220.539    -2.961   238.327    0.291049        87385.22
 13.170000   0.9974741936   11.343378    -7.501   220.314    -3.102   238.103    0.289874        87026.12
 13.180000   0.9974781275   11.324595    -7.653   220.030    -3.266   237.851    0.287542        86344.63
 13.190000   0.9974818230   11.308119    -7.789   219.780    -3.412   237.617    0.289476        86918.62
 13.200000   0.9974855781   11.302721    -7.912   219.564    -3.551   237.397    0.289211        86827.87
 13.210000   0.9974893332   11.287419    -8.048   219.311    -3.699   237.162    0.288675        86666.18
 13.220000   0.9974933863   11.289470    -8.181   219.083    -3.852   236.928    0.288500        86617.55
 13.230000   0.9974969029   11.299023    -8.305   218.874    -3.999   236.701    0.282973        84961.04
 13.240000   0.9975012541   11.289000    -8.439   218.628    -4.149   236.465    0.282564        84837.97
 13.250000   0.9975048304   11.268734    -8.574   218.371    -4.297   236.232    0.281953        84653.09
 13.260000   0.9975085258   11.265672    -8.696   218.153    -4.437   236.009    0.287227        86224.66
 13.270000   0.9975122809   11.264104    -8.813   217.947    -4.573   235.794    0.287056        86160.52
 13.280000   0.9975157976   11.232780    -8.944   217.679    -4.714   235.570    0.285340        85649.77
 13.290000   0.9975193143   11.227452    -9.063   217.463    -4.851   235.351    0.285085        85560.80
 13.300000   0.9975233674   11.235780    -9.192   217.236    -5.007   235.112    0.283433        85073.26
 13.310000   0.9975274205   11.213207    -9.320   216.983    -5.149   234.884    0.284375        85347.59
 13.320000   0.9975299835   11.210833    -9.418   216.790    -5.263   234.737    0.284737        85526.26
 13.330000   0.9975346923   11.230132    -9.542   216.580    -5.419   234.500    0.284092        85344.55
 13.340000   0.9975380301   11.219905    -9.660   216.355    -5.556   234.280    0.283735        85223.65
 13.350000   0.9975415468   11.201470    -9.779   216.120    -5.691   234.061    0.283212        85049.98
 13.360000   0.9975450635   11.192258    -9.894   215.898    -5.826   233.846    0.283659        85179.21
 13.370000   0.9975491166   11.201166   -10.009   215.693    -5.969   233.621    0.283685        85181.39
 13.380000   0.9975522161   11.198639   -10.116   215.493    -6.097   233.412    0.281134        84397.34
 13.390000   0.9975561500   11.186259   -10.234   215.253    -6.237   233.205    0.263228        79015.37
 13.400000   0.9975600243   11.172426   -10.351   215.021    -6.374   232.982    0.280138        84117.34
 13.410000   0.9975633025   11.147470   -10.464   214.785    -6.503   232.771    0.281059        84374.04
 13.420000   0.9975673556   11.168128   -10.571   214.600    -6.643   232.547    0.282154        84694.78
 13.430000   0.9975703359   11.145731   -10.675   214.381    -6.763   232.348    0.281564        84499.98
 13.440000   0.9975746274   11.139141   -10.790   214.132    -6.901   232.170    0.248018        74403.63
 13.450000   0.9975782633   11.138771   -10.892   213.938    -7.028   231.959    0.280784        84341.46
 13.460000   0.9975813627   11.127491   -10.996   213.727    -7.154   231.751    0.279655        83979.85
 13.470000   0.9975848794   11.115902   -11.104   213.506    -7.284   231.540    0.277712        83390.06
 13.480000   0.9975889325   11.118236   -11.209   213.301    -7.418   231.321    0.279968        84052.62
 13.490000   0.9975917935   11.130219   -11.298   213.136    -7.534   231.140    0.280050        84085.44
 13.500000   0.9975955486   11.110529   -11.405   212.904    -7.664   230.927    0.278702        83666.91
 13.510000   0.9975993037   11.101362   -11.506   212.693    -7.790   230.721    0.278372        83557.31
 13.520000   0.9976030588   11.094238   -11.612   212.472    -7.923   230.502    0.278081        83458.09
 13.530000   0.9976060987   11.112706   -11.697   212.304    -8.035   230.351    0.273621        82192.09
 13.540000   0.9976100922   11.101470   -11.801   212.082    -8.165   230.133    0.278510        83639.59
 13.550000   0.9976136088   11.102051   -11.888   211.906    -8.279   229.942    0.273215        82031.01
 13.560000   0.9976165891   11.103730   -11.977   211.721    -8.395   229.756    0.275974        82867.20
 13.570000   0.9976199865   11.088304   -12.079   211.496    -8.523   229.543    0.277064        83175.91
 13.580000   0.9976236224   11.069531   -12.176   211.275    -8.643   229.339    0.277326        83239.43
 13.590000   0.9976273775   11.087113   -12.267   211.084    -8.764   229.173    0.277231        83299.11
 13.600000   0.9976308942   11.086812   -12.350   210.914    -8.875   228.979    0.277229        83255.62
 13.610000   0.9976341128   11.081630   -12.439   210.720    -8.991   228.780    0.277032        83175.66
 13.620000   0.9976372123   11.077030   -12.529   210.520    -9.109   228.593    0.276711        83096.79
 13.630000   0.9976412654   11.067060   -12.628   210.297    -9.237   228.374    0.275600        82746.40
 13.640000   0.9976446629   11.066694   -12.713   210.113    -9.352   228.179    0.276275        82932.21
 13.650000   0.9976480603   11.033220   -12.802   209.868    -9.458   228.024    0.272889        81981.36
 13.660000   0.9976520538   11.034380   -12.899   209.657    -9.587   227.803    0.269936        81082.81
 13.670000   0.9976549149   11.048090   -12.971   209.515    -9.691   227.622    0.275320        82667.95
 13.680000   0.9976586699   11.047138   -13.055   209.324    -9.805   227.434    0.275107        82614.66
 13.690000   0.9976619482   11.039583   -13.136   209.137    -9.914   227.238    0.274916        82522.55
 13.700000   0.9976648688   11.023983   -13.219   208.917   -10.019   227.090    0.242323        72697.74
 13.710000   0.9976683855   11.023737   -13.302   208.729   -10.134   226.884    0.274082        82323.04
 13.720000   0.9976719022   11.014494   -13.384   208.533   -10.245   226.688    0.271558        81542.49
 13.730000   0.9976752996   11.023861   -13.457   208.372   -10.350   226.511    0.273093        82006.69
 13.740000   0.9976785183   11.031399   -13.535   208.201   -10.461   226.312    0.271704        81563.82
 13.750000   0.9976823330   11.010656   -13.621   207.980   -10.575   226.110    0.272651        81830.83
 13.760000   0.9976855516   11.021730   -13.695   207.799   -10.678   225.955    0.268184        80558.88
 13.770000   0.9976884127   10.991624   -13.768   207.600   -10.774   225.776    0.272625        81848.75
 13.780000   0.9976920485   11.006460   -13.843   207.435   -10.883   225.589    0.272773        81900.74
 13.790000   0.9976956844   11.000798   -13.921   207.240   -10.995   225.388    0.271816        81590.40
 13.800000   0.9976986647   11.008498   -13.988   207.070   -11.088   225.248    0.270115        81150.88
 13.810000   0.9977015853   11.008663   -14.057   206.904   -11.188   225.062    0.271581        81557.34
 13.820000   0.9977052808   10.979982   -14.142   206.664   -11.303   224.851    0.270881        81323.39
 13.830000   0.9977087379   10.993750   -14.208   206.513   -11.402   224.674    0.271048        81372.00
 13.840000   0.9977119565   10.970536   -14.283   206.298   -11.508   224.482    0.271218        81403.23
 13.850000   0.9977154732   10.974788   -14.352   206.116   -11.604   224.330    0.270956        81384.73
 13.860000   0.9977183342   10.972004   -14.416   205.954   -11.698   224.150    0.270890        81329.43
 13.870000   0.9977220893   10.991003   -14.480   205.807   -11.797   223.972    0.266137        79905.26
 13.880000   0.9977252483   10.973459   -14.554   205.596   -11.903   223.773    0.270697        81253.31
 13.890000   0.9977287054   10.957237   -14.623   205.385   -11.997   223.623    0.265023        79608.02
 13.900000   0.9977313876   10.968051   -14.680   205.251   -12.086   223.448    0.270246        81137.17
 13.910000   0.9977350831   10.974557   -14.748   205.073   -12.189   223.261    0.270215        81134.75
 13.920000   0.9977385998   10.970557   -14.815   204.888   -12.291   223.068    0.270050        81066.28
 13.930000   0.9977412820   10.965615   -14.873   204.718   -12.372   222.934    0.268911        80769.69
 13.940000   0.9977449179   10.966961   -14.937   204.545   -12.471   222.740    0.269650        80962.23
 13.950000   0.9977477789   10.947508   -15.001   204.347   -12.564   222.567    0.264150        79308.23
 13.960000   0.9977508187   10.964870   -15.054   204.204   -12.645   222.434    0.269138        80867.91
 13.970000   0.9977543950   10.945642   -15.120   204.000   -12.744   222.237    0.266507        80042.08
 13.980000   0.9977571964   10.948841   -15.172   203.854   -12.826   222.078    0.268679        80686.28
 13.990000   0.9977609515   10.938514   -15.236   203.666   -12.924   221.883    0.267693        80355.37
 14.000000   0.9977643490   10.928759   -15.301   203.450   -13.018   221.726    0.267804        80465.10
 14.010000   0.9977667928   10.935446   -15.349   203.322   -13.098   221.558    0.268017        80478.25
 14.020000   0.9977702498   10.939063   -15.408   203.151   -13.191   221.378    0.265765        79804.34
 14.030000   0.9977731109   10.935224   -15.462   202.989   -13.278   221.200    0.267861        80399.76
 14.040000   0.9977767467   10.935331   -15.517   202.811   -13.362   221.055    0.266793        80134.70
 14.050000   0.9977794290   10.924348   -15.570   202.644   -13.446   220.879    0.265133        79597.34
 14.060000   0.9977825880   10.914307   -15.629   202.449   -13.538   220.696    0.266959        80143.02
 14.070000   0.9977864623   10.934157   -15.682   202.294   -13.623   220.549    0.267007        80228.66
 14.080000   0.9977882504   10.938015   -15.725   202.171   -13.695   220.389    0.266436        80003.46
 14.090000   0.9977920055   10.929478   -15.780   201.987   -13.784   220.210    0.266881        80130.08
 14.100000   0.9977952838   10.925730   -15.830   201.823   -13.869   220.031    0.266770        80068.68
 14.110000   0.9977983236   10.931586   -15.878   201.664   -13.945   219.891    0.266619        80067.56
 14.120000   0.9978014231   10.922793   -15.929   201.492   -14.026   219.725    0.266317        79973.20
 14.130000   0.9978045225   10.924795   -15.981   201.322   -14.115   219.534    0.266308        79946.94
 14.140000   0.9978080988   10.921687   -16.031   201.144   -14.193   219.390    0.261032        78414.71
 14.150000   0.9978106022   10.906857   -16.074   200.983   -14.265   219.238    0.247451        74286.44
 14.160000   0.9978137016   10.916840   -16.120   200.837   -14.348   219.052    0.265045        79564.66
 14.170000   0.9978172183   10.895739   -16.172   200.624   -14.428   218.907    0.264976        79603.75
 14.180000   0.9978201985   10.909656   -16.215   200.495   -14.506   218.729    0.265305        79661.69
 14.190000   0.9978228807   10.896605   -16.259   200.325   -14.581   218.567    0.262795        78895.30
 14.200000   0.9978266954   10.902128   -16.307   200.152   -14.658   218.420    0.264719        79535.18
 14.210000   0.9978296757   10.901441   -16.349   200.007   -14.734   218.247    0.264017        79279.21
 14.220000   0.9978324771   10.889709   -16.391   199.834   -14.809   218.082    0.264406        79386.20
 14.230000   0.9978354573   10.891453   -16.435   199.662   -14.882   217.941    0.264099        79356.48
 14.240000   0.9978380203   10.890173   -16.471   199.533   -14.949   217.780    0.259312        77864.41
 14.250000   0.9978414178   10.892473   -16.512   199.387   -15.022   217.616    0.264158        79302.08
 14.260000   0.9978446364   10.904991   -16.554   199.228   -15.094   217.473    0.261918        78694.77
 14.270000   0.9978476167   10.904456   -16.595   199.076   -15.170   217.294    0.263366        79085.92
 14.280000   0.9978500605   10.888388   -16.634   198.903   -15.242   217.131    0.263688        79166.68
 14.290000   0.9978535175   10.873668   -16.674   198.712   -15.309   216.993    0.260902        78387.91
 14.300000   0.9978563786   10.883827   -16.711   198.587   -15.380   216.824    0.258469        77613.05
 14.310000   0.9978597164   10.872077   -16.750   198.414   -15.453   216.655    0.260845        78312.32
 14.320000   0.9978628755   10.890930   -16.787   198.277   -15.517   216.518    0.262361        78820.59
 14.330000   0.9978650212   10.885046   -16.820   198.137   -15.582   216.355    0.260884        78328.67
 14.340000   0.9978681207   10.888966   -16.855   197.995   -15.650   216.196    0.262301        78746.52
 14.350000   0.9978712201   10.864386   -16.893   197.799   -15.715   216.059    0.262255        78766.98
 14.360000   0.9978739023   10.857367   -16.925   197.641   -15.781   215.901    0.261290        78471.00
 14.370000   0.9978771806   10.859614   -16.961   197.491   -15.853   215.721    0.259928        78029.27
 14.380000   0.9978798628   10.874555   -16.991   197.371   -15.907   215.600    0.261424        78516.24
 14.390000   0.9978836179   10.862815   -17.031   197.182   -15.983   215.418    0.261789        78618.45
 14.400000   0.9978859425   10.865540   -17.060   197.040   -16.037   215.297    0.261577        78602.66
 14.410000   0.9978892803   10.856367   -17.096   196.869   -16.110   215.112    0.260676        78291.60
 14.420000   0.9978922606   10.862932   -17.124   196.738   -16.171   214.955    0.256680        77075.83
 14.430000   0.9978942871   10.858181   -17.151   196.597   -16.222   214.842    0.256359        77016.09
 14.440000   0.9978970885   10.854367   -17.180   196.452   -16.282   214.687    0.243186        73012.36
 14.450000   0.9979010224   10.848654   -17.215   196.279   -16.356   214.497    0.251248        75429.30
 14.460000   0.9979034662   10.860531   -17.242   196.158   -16.407   214.374    0.260225        78158.47
 14.470000   0.9979059100   10.869881   -17.267   196.044   -16.462   214.229    0.256294        76962.07
 14.480000   0.9979088902   10.846893   -17.297   195.841   -16.522   214.091    0.260296        78218.90
 14.490000   0.9979121089   10.867430   -17.323   195.742   -16.580   213.924    0.260830        78325.85
 14.500000   0.9979156256   10.853370   -17.356   195.553   -16.650   213.744    0.260418        78196.25
 14.510000   0.9979176521   10.852854   -17.378   195.423   -16.695   213.634    0.259477        77947.52
 14.520000   0.9979203343   10.853764   -17.404   195.281   -16.754   213.476    0.260156        78138.48
 14.530000   0.9979236722   10.850560   -17.431   195.137   -16.815   213.305    0.259404        77871.15
 14.540000   0.9979261160   10.851213   -17.456   194.989   -16.866   213.177    0.259897        78058.01
 14.550000   0.9979293942   10.837751   -17.482   194.826   -16.926   213.014    0.258847        77722.82
 14.560000   0.9979319572   10.865270   -17.502   194.729   -16.969   212.898    0.255095        76641.74
 14.570000   0.9979350567   10.843900   -17.528   194.552   -17.033   212.721    0.257370        77279.24
 14.580000   0.9979369044   10.840607   -17.547   194.421   -17.071   212.629    0.259108        77865.42
 14.590000   0.9979404211   10.848868   -17.572   194.287   -17.132   212.449    0.257206        77250.61
 14.600000   0.9979432821   10.842064   -17.596   194.130   -17.190   212.285    0.258417        77596.02
 14.610000   0.9979460835   10.849501   -17.616   194.007   -17.233   212.168    0.258355        77614.00
 14.620000   0.9979488254   10.834172   -17.637   193.849   -17.288   212.014    0.258711        77700.52
 14.630000   0.9979517460   10.842672   -17.657   193.726   -17.341   211.847    0.254130        76289.14
 14.640000   0.9979543090   10.854328   -17.676   193.611   -17.382   211.731    0.254168        76331.42
 14.650000   0.9979572892   10.852840   -17.697   193.468   -17.436   211.573    0.249220        74827.52
 14.660000   0.9979598522   10.845620   -17.717   193.312   -17.483   211.443    0.258515        77653.41
 14.670000   0.9979624152   10.836805   -17.735   193.170   -17.532   211.295    0.258302        77568.26
 14.680000   0.9979658127   10.841824   -17.756   193.025   -17.579   211.164    0.256008        76929.38
 14.690000   0.9979682565   10.840985   -17.770   192.905   -17.626   211.007    0.256090        76898.90
 14.700000   0.9979715943   10.841138   -17.790   192.760   -17.679   210.845    0.258145        77505.26
 14.710000   0.9979737997   10.841009   -17.806   192.626   -17.719   210.728    0.257937        77474.77
 14.720000   0.9979766011   10.821011   -17.824   192.455   -17.773   210.566    0.256750        77098.29
 14.730000   0.9979792833   10.847218   -17.841   192.355   -17.810   210.446    0.257799        77453.95
 14.740000   0.9979818463   10.816258   -17.855   192.182   -17.860   210.296    0.255009        76590.78
 14.750000   0.9979850054   10.826759   -17.873   192.051   -17.901   210.170    0.256368        77044.45
 14.760000   0.9979871511   10.847444   -17.886   191.977   -17.941   210.021    0.257677        77374.14
 14.770000   0.9979904890   10.846243   -17.901   191.828   -17.990   209.859    0.257565        77333.93
 14.780000   0.9979926348   10.832503   -17.913   191.680   -18.028   209.745    0.254952        76579.31
 14.790000   0.9979951978   10.842086   -17.926   191.579   -18.068   209.606    0.257280        77254.02
 14.800000   0.9979981780   10.825545   -17.941   191.402   -18.113   209.470    0.256699        77111.89
 14.810000   0.9980006218   10.816086   -17.953   191.263   -18.157   209.322    0.251704        75592.12
 14.820000   0.9980038404   10.832684   -17.966   191.138   -18.194   209.194    0.254434        76461.02
 14.830000   0.9980069399   10.811635   -17.979   190.979   -18.242   209.026    0.254084        76299.98
 14.840000   0.9980090261   10.839715   -17.991   190.892   -18.270   208.930    0.226144        67869.69
 14.850000   0.9980118275   10.839525   -18.001   190.780   -18.312   208.774    0.255886        76847.73
 14.860000   0.9980145097   10.812953   -18.012   190.594   -18.361   208.610    0.255960        76858.63
 14.870000   0.9980171919   10.825830   -18.023   190.490   -18.392   208.499    0.256060        76915.98
 14.880000   0.9980197549   10.813746   -18.033   190.349   -18.434   208.348    0.255093        76595.62
 14.890000   0.9980227351   10.807270   -18.045   190.184   -18.474   208.214    0.254686        76519.09
 14.900000   0.9980251789   10.810586   -18.053   190.079   -18.510   208.077    0.250724        75300.94
 14.910000   0.9980276227   10.837842   -18.061   190.006   -18.534   207.974    0.255910        76885.70
 14.920000   0.9980295300   10.830067   -18.067   189.887   -18.569   207.840    0.255766        76812.61
 14.930000   0.9980331659   10.818607   -18.079   189.706   -18.611   207.696    0.253104        76064.58
 14.940000   0.9980357289   10.834226   -18.087   189.613   -18.648   207.538    0.255676        76779.27
 14.950000   0.9980385303   10.825275   -18.096   189.460   -18.680   207.432    0.224839        67480.97
 14.960000   0.9980409741   10.815613   -18.101   189.330   -18.719   207.272    0.255053        76602.17
 14.970000   0.9980432987   10.836669   -18.110   189.244   -18.742   207.184    0.224830        67479.19
 14.980000   0.9980462193   10.815755   -18.115   189.086   -18.785   207.013    0.254870        76550.62
 14.990000   0.9980485439   10.807301   -18.119   188.951   -18.820   206.869    0.253938        76253.70
 15.000000   0.9980509281   10.822062   -18.126   188.861   -18.844   206.764    0.254103        76324.98
 15.010000   0.9980536699   10.829513   -18.131   188.742   -18.879   206.613    0.245276        73654.42
 15.020000   0.9980561137   10.807417   -18.136   188.583   -18.911   206.497    0.253565        76174.64
 15.030000   0.9980591536   10.819304   -18.142   188.475   -18.945   206.343    0.252416        75803.73
 15.040000   0.9980608225   10.822220   -18.146   188.372   -18.968   206.248    0.253713        76220.92
 15.050000   0.9980639219   10.808860   -18.148   188.225   -19.004   206.092    0.254141        76322.53
 15.060000   0.9980664849   10.823039   -18.153   188.117   -19.029   205.977    0.252110        75748.03
 15.070000   0.9980694056   10.807467   -18.156   187.964   -19.066   205.821    0.253165        76041.87
 15.080000   0.9980714917   10.829591   -18.161   187.882   -19.087   205.717    0.253461        76160.35
 15.090000   0.9980740547   10.805289   -18.161   187.728   -19.121   205.571    0.252950        75977.96
 15.100000   0.9980770350   10.823064   -18.167   187.623   -19.146   205.452    0.253842        76281.30
 15.110000   0.9980798364   10.811533   -18.169   187.481   -19.180   205.301    0.252858        75963.16
 15.120000   0.9980825186   10.828494   -18.171   187.386   -19.200   205.193    0.251603        75622.33
 15.130000   0.9980846643   10.826034   -18.171   187.274   -19.228   205.054    0.253001        76007.91
 15.140000   0.9980872869   10.800809   -18.171   187.109   -19.257   204.938    0.250852        75395.12
 15.150000   0.9980888963   10.809343   -18.171   187.031   -19.280   204.813    0.253240        76069.80
 15.160000   0.9980916977   10.828017   -18.175   186.936   -19.301   204.702    0.248618        74716.08
 15.170000   0.9980947971   10.803486   -18.173   186.771   -19.335   204.546    0.252180        75761.08
 15.180000   0.9980968237   10.800854   -18.173   186.647   -19.357   204.437    0.252659        75934.14
 15.190000   0.9980995059   10.813674   -18.174   186.548   -19.384   204.290    0.252940        75993.59
 15.200000   0.9981023669   10.801463   -18.171   186.397   -19.407   204.172    0.252441        75883.85
 15.210000   0.9981042743   10.799034   -18.169   186.307   -19.430   204.048    0.252487        75850.64
 15.220000   0.9981064200   10.812562   -18.170   186.208   -19.448   203.939    0.251867        75695.92
 15.230000   0.9981098175   10.804019   -18.168   186.076   -19.477   203.790    0.251686        75615.30
 15.240000   0.9981123209   10.807689   -18.168   185.954   -19.498   203.674    0.250148        75188.05
 15.250000   0.9981146455   10.822399   -18.167   185.869   -19.520   203.536    0.251910        75684.77
 15.260000   0.9981166720   10.817295   -18.165   185.762   -19.538   203.442    0.252392        75848.02
 15.270000   0.9981194735   10.818967   -18.160   185.641   -19.562   203.290    0.252414        75832.61
 15.280000   0.9981219172   10.807718   -18.156   185.508   -19.582   203.182    0.252000        75733.66
 15.290000   0.9981243610   10.822952   -18.155   185.418   -19.604   203.040    0.250194        75165.77
 15.300000   0.9981272221   10.825716   -18.153   185.297   -19.623   202.924    0.251472        75581.93
 15.310000   0.9981288314   10.801369   -18.146   185.176   -19.647   202.802    0.251767        75624.45
 15.320000   0.9981316328   10.820329   -18.145   185.076   -19.662   202.686    0.251241        75502.08
 15.330000   0.9981343746   10.820771   -18.141   184.972   -19.685   202.547    0.252018        75701.90
 15.340000   0.9981359839   10.792475   -18.133   184.821   -19.704   202.443    0.250534        75275.93
 15.350000   0.9981389046   10.816036   -18.129   184.747   -19.720   202.304    0.251778        75624.29
 15.360000   0.9981411099   10.819746   -18.125   184.639   -19.736   202.198    0.251697        75624.16
 15.370000   0.9981436729   10.801396   -18.117   184.501   -19.760   202.055    0.251318        75480.97
 15.380000   0.9981459379   10.798177   -18.111   184.384   -19.775   201.953    0.250335        75217.74
 15.390000   0.9981477261   10.802725   -18.107   184.301   -19.792   201.829    0.249077        74803.77
 15.400000   0.9981504083   10.801738   -18.101   184.186   -19.807   201.721    0.246202        73963.55
 15.410000   0.9981532097   10.814020   -18.096   184.081   -19.827   201.569    0.251291        75470.80
 15.420000   0.9981556535   10.817218   -18.091   183.973   -19.841   201.461    0.251208        75467.28
 15.430000   0.9981583953   10.796568   -18.077   183.832   -19.861   201.320    0.248610        74664.88
 15.440000   0.9981605411   10.790062   -18.070   183.708   -19.875   201.212    0.245624        73790.67
 15.450000   0.9981632233   10.810624   -18.066   183.639   -19.890   201.080    0.246070        73895.95
 15.460000   0.9981654882   10.807603   -18.060   183.530   -19.901   200.994    0.250640        75312.83
 15.470000   0.9981676936   10.815544   -18.054   183.422   -19.913   200.883    0.248458        74690.59
 15.480000   0.9981700778   10.818197   -18.047   183.334   -19.929   200.753    0.250757        75337.45
 15.490000   0.9981722832   10.791109   -18.034   183.178   -19.945   200.644    0.249995        75135.09
 15.500000   0.9981747270   10.804534   -18.027   183.096   -19.959   200.508    0.245461        73741.80
 15.510000   0.9981766939   10.814197   -18.020   183.022   -19.965   200.425    0.250399        75245.94
 15.520000   0.9981788993   10.801423   -18.008   182.899   -19.982   200.287    0.240378        72199.92
 15.530000   0.9981817007   10.814072   -18.001   182.795   -19.992   200.172    0.249509        74976.62
 15.540000   0.9981842637   10.818500   -17.993   182.702   -20.007   200.037    0.249643        74984.59
 15.550000   0.9981864095   10.796637   -17.980   182.557   -20.021   199.928    0.249024        74818.48
 15.560000   0.9981887341   10.814349   -17.973   182.484   -20.033   199.795    0.249437        74912.80
 15.570000   0.9981908798   10.797804   -17.961   182.356   -20.044   199.693    0.247521        74354.90
 15.580000   0.9981933236   10.815626   -17.952   182.267   -20.047   199.604    0.249028        74872.53
 15.590000   0.9981957078   10.795567   -17.938   182.146   -20.063   199.472    0.249420        74943.89
 15.600000   0.9981977940   10.789725   -17.927   182.037   -20.072   199.374    0.248423        74664.29
 15.610000   0.9982003570   10.816862   -17.921   181.974   -20.081   199.238    0.249782        75040.56
 15.620000   0.9982023239   10.803756   -17.909   181.857   -20.090   199.145    0.249348        74933.63
 15.630000   0.9982049465   10.797931   -17.895   181.740   -20.105   198.998    0.248536        74652.58
 15.640000   0.9982073307   10.812128   -17.888   181.664   -20.110   198.906    0.248693        74723.60
 15.650000   0.9982094765   10.820228   -17.876   181.573   -20.120   198.770    0.249632        74976.81
 15.660000   0.9982115626   10.817485   -17.863   181.476   -20.124   198.678    0.247269        74283.79
 15.670000   0.9982144833   10.815272   -17.851   181.345   -20.131   198.575    0.249081        74895.60
 15.680000   0.9982165098   10.803850   -17.836   181.237   -20.143   198.444    0.248185        74581.08
 15.690000   0.9982184172   10.797765   -17.823   181.130   -20.149   198.348    0.248657        74741.62
 15.700000   0.9982208610   10.818671   -17.815   181.067   -20.157   198.217    0.248433        74636.58
 15.710000   0.9982235432   10.801992   -17.798   180.930   -20.166   198.107    0.247914        74504.05
 15.720000   0.9982253313   10.807566   -17.786   180.851   -20.174   197.987    0.248818        74744.61
 15.730000   0.9982274175   10.797721   -17.772   180.739   -20.180   197.889    0.243570        73184.87
 15.740000   0.9982300401   10.813113   -17.758   180.663   -20.185   197.755    0.248848        74738.97
 15.750000   0.9982313514   10.813233   -17.747   180.576   -20.187   197.684    0.248653        74720.95
 15.760000   0.9982339144   10.799913   -17.731   180.446   -20.193   197.577    0.243273        73132.30
 15.770000   0.9982361197   10.803721   -17.717   180.365   -20.201   197.450    0.247622        74394.56
 15.780000   0.9982383847   10.821671   -17.707   180.284   -20.201   197.352    0.238623        71718.05
 15.790000   0.9982404113   10.798667   -17.687   180.153   -20.213   197.216    0.238229        71563.89
 15.800000   0.9982436299   10.807487   -17.675   180.058   -20.216   197.109    0.248172        74575.28
 15.810000   0.9982452989   10.806802   -17.662   179.965   -20.217   197.037    0.247916        74550.63
 15.820000   0.9982476830   10.789059   -17.641   179.840   -20.227   196.897    0.229358        68903.46
 15.830000   0.9982498884   10.820363   -17.632   179.792   -20.222   196.806    0.248142        74598.15
 15.840000   0.9982520342   10.814952   -17.615   179.697   -20.229   196.679    0.248105        74545.28
 15.850000   0.9982544184   10.807167   -17.600   179.588   -20.232   196.584    0.247783        74473.02
 15.860000   0.9982565641   10.811365   -17.586   179.512   -20.238   196.462    0.245753        73823.04
 15.870000   0.9982581139   10.816648   -17.570   179.418   -20.237   196.362    0.247190        74272.08
 15.880000   0.9982610345   10.798630   -17.550   179.270   -20.241   196.263    0.216200        64914.22
 15.890000   0.9982624054   10.791994   -17.533   179.192   -20.246   196.148    0.247242        74295.14
 15.900000   0.9982648492   10.821332   -17.524   179.135   -20.243   196.052    0.245520        73801.38
 15.910000   0.9982671142   10.796318   -17.500   179.017   -20.249   195.927    0.246533        74060.86
 15.920000   0.9982696772   10.811694   -17.487   178.931   -20.247   195.826    0.245221        73698.55
 15.930000   0.9982712865   10.795774   -17.471   178.834   -20.248   195.765    0.246900        74241.55
 15.940000   0.9982740283   10.813516   -17.453   178.751   -20.250   195.602    0.247422        74335.35
 15.950000   0.9982756376   10.817997   -17.439   178.662   -20.247   195.526    0.242281        72843.40
 15.960000   0.9982780814   10.806167   -17.420   178.564   -20.254   195.400    0.247130        74250.02
 15.970000   0.9982802272   10.800485   -17.400   178.455   -20.253   195.305    0.246091        73966.15
 15.980000   0.9982819557   10.822074   -17.389   178.408   -20.253   195.185    0.246646        74089.79
 15.990000   0.9982841611   10.815237   -17.368   178.305   -20.248   195.109    0.228521        68659.45
 16.000000   0.9982863069   10.792834   -17.343   178.160   -20.250   194.999    0.244151        73416.85
 16.010000   0.9982888699   10.791693   -17.325   178.084   -20.252   194.879    0.241473        72562.09
 16.020000   0.9982907772   10.808478   -17.313   178.015   -20.248   194.790    0.246676        74146.98
 16.030000   0.9982931614   10.795885   -17.290   177.905   -20.252   194.657    0.245712        73820.26
 16.040000   0.9982951880   10.798146   -17.273   177.822   -20.249   194.568    0.246420        74042.09
 16.050000   0.9982969165   10.791866   -17.255   177.719   -20.246   194.491    0.245298        73754.79
 16.060000   0.9982990026   10.799635   -17.236   177.640   -20.245   194.359    0.246300        74012.83
 16.070000   0.9983018041   10.822694   -17.222   177.585   -20.236   194.277    0.236536        71102.01
 16.080000   0.9983030558   10.821133   -17.204   177.511   -20.238   194.160    0.246725        74119.18
 16.090000   0.9983054399   10.802678   -17.179   177.383   -20.237   194.057    0.246196        73976.84
 16.100000   0.9983080029   10.799972   -17.161   177.278   -20.233   193.973    0.245883        73936.69
 16.110000   0.9983094931   10.806515   -17.142   177.214   -20.231   193.856    0.246142        73964.85
 16.120000   0.9983119369   10.796958   -17.121   177.104   -20.229   193.762    0.245781        73881.36
 16.130000   0.9983136654   10.806949   -17.104   177.042   -20.227   193.643    0.246097        73931.22
 16.140000   0.9983158708   10.803351   -17.082   176.941   -20.222   193.546    0.243661        73216.53
 16.150000   0.9983181357   10.820165   -17.069   176.870   -20.214   193.468    0.246027        73976.01
 16.160000   0.9983201623   10.807800   -17.042   176.777   -20.212   193.348    0.245099        73651.27
 16.170000   0.9983224869   10.794349   -17.018   176.662   -20.209   193.254    0.244659        73543.25
 16.180000   0.9983237982   10.820097   -17.008   176.617   -20.199   193.191    0.214168        64313.22
 16.190000   0.9983264804   10.805037   -16.982   176.508   -20.199   193.057    0.245524        73804.52
 16.200000   0.9983288050   10.822251   -16.966   176.445   -20.191   192.969    0.245019        73668.45
 16.210000   0.9983304143   10.796120   -16.937   176.328   -20.193   192.843    0.245326        73711.40
 16.220000   0.9983326793   10.820269   -16.924   176.272   -20.183   192.756    0.244943        73619.62
 16.230000   0.9983342886   10.828120   -16.907   176.199   -20.174   192.689    0.245651        73882.16
 16.240000   0.9983364940   10.827267   -16.882   176.117   -20.169   192.562    0.245739        73859.65
 16.250000   0.9983387589   10.795473   -16.855   175.990   -20.168   192.478    0.234788        70581.69
 16.260000   0.9983409047   10.797482   -16.831   175.904   -20.163   192.347    0.245040        73628.98
 16.270000   0.9983429313   10.800945   -16.811   175.822   -20.157   192.257    0.244252        73403.41
 16.280000   0.9983447194   10.801833   -16.791   175.735   -20.147   192.184    0.244047        73389.45
 16.290000   0.9983470440   10.815448   -16.773   175.679   -20.142   192.065    0.244452        73462.27
 16.300000   0.9983494282   10.797229   -16.745   175.552   -20.137   191.965    0.244660        73551.73
 16.310000   0.9983507991   10.818365   -16.733   175.506   -20.125   191.907    0.213143        64009.07
 16.320000   0.9983528256   10.808257   -16.706   175.416   -20.122   191.781    0.244822        73591.71
 16.330000   0.9983548522   10.828964   -16.691   175.372   -20.110   191.705    0.244414        73478.51
 16.340000   0.9983572364   10.799096   -16.658   175.246   -20.109   191.580    0.244595        73498.36
 16.350000   0.9983587861   10.829286   -16.646   175.212   -20.096   191.499    0.242890        72994.18
 16.360000   0.9983606339   10.809697   -16.619   175.095   -20.089   191.425    0.239408        71996.02
 16.370000   0.9983631968   10.826077   -16.599   175.034   -20.081   191.297    0.244194        73388.36
 16.380000   0.9983649254   10.802598   -16.570   174.917   -20.075   191.210    0.242068        72768.12
 16.390000   0.9983673692   10.817499   -16.552   174.861   -20.068   191.090    0.239611        71988.88
 16.400000   0.9983690381   10.803027   -16.527   174.759   -20.061   191.019    0.244256        73418.51
 16.410000   0.9983703494   10.804204   -16.503   174.676   -20.050   190.932    0.243403        73176.06
 16.420000   0.9983729124   10.803472   -16.481   174.605   -20.045   190.819    0.241969        72705.59
 16.430000   0.9983751774   10.803324   -16.453   174.513   -20.031   190.724    0.244125        73367.24
 16.440000   0.9983770847   10.830463   -16.440   174.466   -20.016   190.658    0.239315        71973.37
 16.450000   0.9983791113   10.808196   -16.410   174.367   -20.014   190.539    0.244148        73366.70
 16.460000   0.9983811378   10.820156   -16.391   174.299   -20.001   190.454    0.244283        73426.27
 16.470000   0.9983830452   10.803349   -16.362   174.187   -19.992   190.382    0.243677        73296.88
 16.480000   0.9983849525   10.830998   -16.348   174.160   -19.982   190.269    0.244424        73464.28
 16.490000   0.9983864427   10.806107   -16.318   174.047   -19.975   190.187    0.241487        72597.83
 16.500000   0.9983887076   10.810932   -16.293   173.974   -19.966   190.062    0.243970        73299.80
 16.510000   0.9983906150   10.803201   -16.263   173.877   -19.951   189.990    0.242802        72996.24
 16.520000   0.9983926415   10.810878   -16.244   173.810   -19.939   189.908    0.243667        73263.02
 16.530000   0.9983947873   10.815439   -16.222   173.748   -19.931   189.796    0.243859        73278.73
 16.540000   0.9983961582   10.828069   -16.202   173.683   -19.916   189.729    0.224811        67564.19
 16.550000   0.9983981252   10.828647   -16.180   173.607   -19.906   189.646    0.243860        73330.16
 16.560000   0.9984003305   10.817660   -16.150   173.513   -19.898   189.519    0.242943        73007.05
 16.570000   0.9984024763   10.819927   -16.125   173.432   -19.885   189.436    0.238442        71677.04
 16.580000   0.9984039664   10.834077   -16.112   173.386   -19.873   189.382    0.243782        73316.35
 16.590000   0.9984059930   10.831443   -16.083   173.306   -19.863   189.258    0.241515        72586.91
 16.600000   0.9984080195   10.810220   -16.051   173.193   -19.853   189.171    0.242475        72891.41
 16.610000   0.9984096289   10.829939   -16.034   173.140   -19.837   189.109    0.241137        72540.38
 16.620000   0.9984120131   10.809407   -15.999   173.045   -19.827   188.991    0.237949        71527.04
 16.630000   0.9984130263   10.839769   -15.986   173.016   -19.811   188.920    0.243722        73272.26
 16.640000   0.9984157085   10.825565   -15.955   172.901   -19.798   188.842    0.210817        63319.80
 16.650000   0.9984170794   10.820632   -15.930   172.839   -19.790   188.731    0.243235        73115.23
 16.660000   0.9984193444   10.839569   -15.913   172.789   -19.775   188.655    0.243530        73222.09
 16.670000   0.9984210730   10.824963   -15.881   172.700   -19.766   188.538    0.238080        71538.54
 16.680000   0.9984229803   10.812510   -15.852   172.598   -19.753   188.464    0.240531        72315.35
 16.690000   0.9984252453   10.841056   -15.837   172.559   -19.736   188.388    0.232810        70007.22
 16.700000   0.9984269142   10.834641   -15.805   172.483   -19.722   188.272    0.240989        72422.86
 16.710000   0.9984286427   10.838336   -15.781   172.406   -19.706   188.204    0.243207        73131.39
 16.720000   0.9984309077   10.810669   -15.747   172.292   -19.697   188.119    0.240204        72235.46
 16.730000   0.9984326959   10.833577   -15.729   172.261   -19.683   188.012    0.243140        73070.96
 16.740000   0.9984343052   10.821322   -15.699   172.163   -19.669   187.944    0.223364        67135.45
 16.750000   0.9984364510   10.842940   -15.679   172.111   -19.650   187.860    0.242236        72856.27
 16.760000   0.9984384775   10.832127   -15.651   172.034   -19.642   187.750    0.242923        73013.13
 16.770000   0.9984396100   10.846325   -15.632   171.981   -19.625   187.691    0.223595        67207.46
 16.780000   0.9984417558   10.839087   -15.606   171.900   -19.613   187.611    0.240468        72319.42
 16.790000   0.9984437227   10.838898   -15.577   171.828   -19.599   187.495    0.242911        73010.86
 16.800000   0.9984456301   10.844371   -15.555   171.763   -19.583   187.435    0.223368        67140.12
 16.810000   0.9984470010   10.845600   -15.527   171.694   -19.565   187.358    0.242797        73022.44
 16.820000   0.9984491467   10.823956   -15.493   171.598   -19.556   187.244    0.242434        72867.69
 16.830000   0.9984510541   10.826725   -15.466   171.522   -19.539   187.157    0.242412        72868.20
 16.840000   0.9984531999   10.820004   -15.438   171.435   -19.524   187.092    0.242056        72806.90
 16.850000   0.9984552264   10.848276   -15.422   171.410   -19.508   186.985    0.232107        69764.17
 16.860000   0.9984568357   10.851288   -15.399   171.349   -19.493   186.911    0.242807        72983.78
 16.870000   0.9984585047   10.827212   -15.361   171.231   -19.477   186.839    0.242053        72807.80
 16.880000   0.9984601140   10.846488   -15.344   171.204   -19.464   186.738    0.241806        72680.03
 16.890000   0.9984618425   10.832579   -15.311   171.107   -19.448   186.653    0.239860        72103.06
 16.900000   0.9984638691   10.835611   -15.289   171.042   -19.433   186.595    0.239744        72106.27
 16.910000   0.9984660149   10.835670   -15.255   170.971   -19.414   186.479    0.231515        69587.49
 16.920000   0.9984676242   10.841205   -15.232   170.914   -19.398   186.407    0.242278        72826.30
 16.930000   0.9984694123   10.831071   -15.201   170.818   -19.381   186.337    0.241028        72499.27
 16.940000   0.9984712601   10.821251   -15.170   170.744   -19.369   186.228    0.241747        72665.20
 16.950000   0.9984726310   10.854967   -15.158   170.721   -19.348   186.174    0.242301        72869.78
 16.960000   0.9984748960   10.834109   -15.120   170.608   -19.331   186.083    0.240932        72471.93
 16.970000   0.9984768033   10.825657   -15.091   170.541   -19.319   185.977    0.240887        72405.81
 16.980000   0.9984781742   10.838172   -15.069   170.486   -19.300   185.919    0.241784        72714.32
 16.990000   0.9984802008   10.840131   -15.041   170.411   -19.281   185.835    0.242156        72833.95
 17.000000   0.9984816909   10.851630   -15.015   170.372   -19.263   185.734    0.242114        72773.09
 17.010000   0.9984838367   10.844740   -14.984   170.281   -19.244   185.665    0.222025        66743.41
 17.020000   0.9984858632   10.846805   -14.959   170.219   -19.228   185.591    0.241751        72709.34
 17.030000   0.9984872341   10.836304   -14.928   170.149   -19.215   185.485    0.241654        72629.27
 17.040000   0.9984885454   10.856930   -14.911   170.109   -19.194   185.430    0.241934        72748.62
 17.050000   0.9984909892   10.851005   -14.879   170.022   -19.176   185.350    0.230852        69432.92
 17.060000   0.9984928966   10.843217   -14.853   169.944   -19.161   185.294    0.241726        72751.26
 17.070000   0.9984942079   10.852679   -14.825   169.897   -19.142   185.180    0.240880        72429.62
 17.080000   0.9984962344   10.830388   -14.788   169.794   -19.126   185.103    0.240294        72269.56
 17.090000   0.9984974861   10.830471   -14.760   169.729   -19.105   185.051    0.240094        72254.74
 17.100000   0.9984992146   10.858259   -14.745   169.714   -19.088   184.944    0.240887        72422.98
 17.110000   0.9985010028   10.850379   -14.713   169.631   -19.069   184.869    0.240622        72356.22
 17.120000   0.9985032678   10.854486   -14.688   169.562   -19.050   184.807    0.241320        72613.11
 17.130000   0.9985043406   10.844828   -14.656   169.498   -19.036   184.700    0.241723        72665.34
 17.140000   0.9985070229   10.846743   -14.623   169.416   -19.012   184.614    0.240385        72286.03
 17.150000   0.9985082746   10.859636   -14.603   169.369   -18.993   184.563    0.241311        72603.12
 17.160000   0.9985101819   10.833948   -14.568   169.284   -18.983   184.459    0.230052        69155.70
 17.170000   0.9985117316   10.849379   -14.543   169.234   -18.960   184.382    0.241604        72636.46
 17.180000   0.9985129833   10.845960   -14.515   169.168   -18.940   184.332    0.238500        71744.02
 17.190000   0.9985148907   10.838236   -14.484   169.094   -18.926   184.219    0.240891        72410.97
 17.200000   0.9985170364   10.834421   -14.449   169.012   -18.901   184.155    0.220686        66346.37
 17.210000   0.9985186458   10.849057   -14.429   168.972   -18.881   184.086    0.240047        72201.40
 17.220000   0.9985204339   10.843925   -14.397   168.904   -18.864   183.976    0.240882        72404.09
 17.230000   0.9985220432   10.852071   -14.376   168.856   -18.846   183.927    0.241341        72570.76
 17.240000   0.9985235333   10.866789   -14.353   168.809   -18.824   183.858    0.238682        71787.62
 17.250000   0.9985253811   10.868096   -14.323   168.731   -18.802   183.795    0.240090        72264.55
 17.260000   0.9985275865   10.858263   -14.290   168.664   -18.786   183.682    0.240917        72440.48
 17.270000   0.9985288978   10.853329   -14.260   168.593   -18.767   183.611    0.241161        72521.20
 17.280000   0.9985310435   10.868777   -14.238   168.541   -18.744   183.555    0.240020        72226.73
 17.290000   0.9985321164   10.865669   -14.206   168.493   -18.725   183.455    0.240155        72197.14
 17.300000   0.9985336661   10.856085   -14.173   168.412   -18.705   183.381    0.240698        72371.30
 17.310000   0.9985356331   10.839331   -14.136   168.314   -18.684   183.318    0.240119        72245.07
 17.320000   0.9985372424   10.855102   -14.116   168.289   -18.667   183.221    0.240631        72338.27
 17.330000   0.9985390306   10.870329   -14.094   168.241   -18.645   183.165    0.240785        72422.09
 17.340000   0.9985409379   10.842922   -14.056   168.142   -18.629   183.094    0.240115        72229.83
 17.350000   0.9985424280   10.842478   -14.028   168.072   -18.608   183.038    0.239894        72211.20
 17.360000   0.9985436201   10.848403   -14.001   168.033   -18.588   182.934    0.240241        72240.20
 17.370000   0.9985456467   10.840973   -13.968   167.956   -18.568   182.860    0.239160        71925.40
 17.380000   0.9985473752   10.872455   -13.952   167.927   -18.543   182.808    0.239624        72112.12
 17.390000   0.9985492826   10.863111   -13.916   167.866   -18.522   182.700    0.240459        72294.35
 17.400000   0.9985505939   10.860486   -13.886   167.802   -18.502   182.635    0.240765        72392.78
 17.410000   0.9985525012   10.865249   -13.862   167.742   -18.481   182.580    0.237764        71533.22
 17.420000   0.9985549450   10.862988   -13.825   167.671   -18.458   182.464    0.240302        72250.66
 17.430000   0.9985556006   10.846685   -13.795   167.599   -18.442   182.419    0.237347        71389.17
 17.440000   0.9985573888   10.863076   -13.772   167.554   -18.418   182.350    0.240520        72354.33
 17.450000   0.9985589981   10.876863   -13.747   167.500   -18.393   182.296    0.240158        72298.47
 17.460000   0.9985607266   10.871357   -13.715   167.446   -18.375   182.188    0.240267        72253.16
 17.470000   0.9985623956   10.859607   -13.684   167.371   -18.357   182.122    0.234348        70481.27
 17.480000   0.9985638857   10.874825   -13.657   167.324   -18.329   182.069    0.240076        72246.67
 17.490000   0.9985653758   10.868059   -13.627   167.270   -18.312   181.970    0.240104        72193.42
 17.500000   0.9985671043   10.872687   -13.601   167.215   -18.290   181.919    0.239188        71953.54
  CUTOFF s rigidities P(S),P(C),P(M) are:
     8.52000    11.37000    10.99000

